lastAccountName: tubbyted201
timestamps:
  login: 1616997756304
  logout: 1616997764013
ipAddress: 209.127.138.214
lastlocation:
  world: Brittle_Hollow
  x: -120.18142541514047
  y: 68.75
  z: 7.592569893285429
  yaw: -146.58145
  pitch: -7.7941885
logoutlocation:
  world: spawn
  x: 23.0
  y: 130.0
  z: 3.0
  yaw: 0.0
  pitch: 0.0
