lastAccountName: LiLvonnie1220
timestamps:
  login: 1617518261276
  logout: 1617518568192
ipAddress: 24.38.245.157
lastlocation:
  world: Ghast
  x: -36.654811137534566
  y: 81.0
  z: 15.22465082863862
  yaw: -162.12997
  pitch: 4.7571993
logoutlocation:
  world: Ghast
  x: -4.902718392683735
  y: 78.77655608796779
  z: 2.4587960022659034
  yaw: 335.9448
  pitch: 21.08425
