lastAccountName: Cakewitch_
timestamps:
  login: 1617519199729
  logout: 1617519280941
  lastteleport: 1617070141123
ipAddress: 71.190.12.151
lastlocation:
  world: Ghast
  x: -9.922090544558381
  y: 81.0
  z: -28.394585730209393
  yaw: 9.747467
  pitch: 26.249872
logoutlocation:
  world: Ghast
  x: -14.623677406645163
  y: 77.0
  z: -30.777871533842866
  yaw: -65.85295
  pitch: 5.2498527
