maze:
  seeker:
    x: -162.77141738159222
    y: 6.0
    z: -166.65646274457822
    yaw: 163.95632934570312
    pitch: 5.700050354003906
  hider:
    x: -166.11843848955385
    y: 4.0
    z: -280.89851660456833
    yaw: -0.3266468346118927
    pitch: 3.115962505340576
