world: spawn
x: -5.7807712511688
y: 134.0
z: -12.3546274756168
yaw: 10.54895
pitch: 1.8372128
name: thaclub
lastowner: 5cdedc9e-aabc-4d23-9c64-7d5c7040a89b
